Poz,X_Dif,Y_Dif
2.200,-0.157465300454726,-0.515335551011689
2.202,-0.155193307290872,-0.56241810052797
2.204,-0.148411511581774,-0.536780639057589
2.206,-0.172997015289773,-0.546575273903623
2.208,-0.149998474074526,-0.550132071901608
2.210,-0.148932880642109,-0.546161363567003
2.212,-0.161214185003204,-0.51294747154149
2.214,-0.189492996002075,-0.517585949278237
2.216,-0.181751234473708,-0.533616138187811
2.218,-0.168730930509354,-0.538153379924925
2.220,-0.181740104373302,-0.535034833826716
2.222,-0.167722922452467,-0.512550193792535
2.224,-0.169652394177068,-0.52968431653798
2.226,-0.154067094943083,-0.554006976531266
2.228,-0.13098544267098,-0.563939805291909
2.230,-0.13540975981933,-0.573764265877254
2.232,-0.142046784875027,-0.578693551438948
2.234,-0.141110058900723,-0.572359431745354
2.236,-0.167451515243996,-0.554218561357463
2.238,-0.163092852565081,-0.566637507248146
2.240,-0.124704724265267,-0.566253523361919
2.242,-0.0974542069765313,-0.602683443708609
2.244,-0.124027222510453,-0.57432756736961
2.246,-0.152534345530564,-0.558305612353893
2.248,-0.179872099978637,-0.555833613086337
2.250,-0.187832557145909,-0.546510458693197
2.252,-0.167755528427992,-0.573144175542467
2.254,-0.158155821405683,-0.569870735801263
2.256,-0.156346324045534,-0.561159300515763
2.258,-0.171970342112491,-0.551351866206854
2.260,-0.166913006988739,-0.563377672658467
2.262,-0.183250187688833,-0.55262389599292
2.264,-0.174932096316416,-0.563553834650716
2.266,-0.163335062715537,-0.569799166844691
2.268,-0.165684987945189,-0.561379717398602
2.270,-0.15001272011475,-0.574656321909238
2.272,-0.153129740287484,-0.58712640766625
2.274,-0.175708401745659,-0.578027298806726
2.276,-0.167159224219489,-0.569440186773278
2.278,-0.137149458296457,-0.560522562334056
2.280,-0.145198498489334,-0.551322312082278
2.282,-0.149851976073489,-0.557359538560137
2.284,-0.145670778527177,-0.571886349070711
2.286,-0.160527359843745,-0.558275093844417
2.288,-0.1614328501236,-0.533371990112003
2.290,-0.156306781212806,-0.539170506912442
2.292,-0.153099221778008,-0.522816791283914
2.294,-0.171734937589648,-0.538321054719688
2.296,-0.168004394665365,-0.541948948637349
2.298,-0.149283971678823,-0.542741795098727
2.300,-0.151460576189459,-0.550178844569231
2.302,-0.17588174077578,-0.544938505203406
2.304,-0.181524112674337,-0.534706564531388
2.306,-0.166776418347728,-0.549344474623859
2.308,-0.166098922696615,-0.572854838709677
2.310,-0.169839088106937,-0.541180489516892
2.312,-0.191545594653157,-0.534985662404248
2.314,-0.199483803827021,-0.547733393353069
2.316,-0.187200537125767,-0.54674219183935
2.318,-0.174914920499283,-0.559129612109745
2.320,-0.208929715872677,-0.553587450788903
2.322,-0.207419818720054,-0.539365749076815
2.324,-0.212043208105716,-0.537044062623981
2.326,-0.219129285561693,-0.533005069124424
2.328,-0.194463942381054,-0.535191869869076
2.330,-0.18458425244911,-0.559373760185552
2.332,-0.14983433332316,-0.546244386120182
2.334,-0.152987224951933,-0.540509125034333
2.336,-0.154435822626423,-0.557788235114597
2.338,-0.182664134647664,-0.54533040253914
2.340,-0.194333915219581,-0.547463081759087
2.342,-0.183340409558397,-0.535664790795618
2.344,-0.177222043519395,-0.564760042115543
2.346,-0.187517880794702,-0.546153779717399
2.348,-0.181371501815851,-0.530991546372875
2.350,-0.180864415417951,-0.563386590166936
2.352,-0.192603222754601,-0.537504651020844
2.354,-0.174517606128117,-0.533226862392041
2.356,-0.169306656086917,-0.534822699667348
2.358,-0.177075521103549,-0.537234534745323
2.360,-0.137721744438002,-0.547945646534623
2.362,-0.119552424695578,-0.548137543870357
2.364,-0.153814185003204,-0.528428507339702
2.366,-0.163335062715537,-0.516290554521317
2.368,-0.128419089327677,-0.513160765404218
2.370,-0.0882201300088504,-0.528458565019684
2.372,-0.102557017731254,-0.495245832697531
2.374,-0.123001171910764,-0.45132212591937
2.376,-0.13378086794641,-0.422864467299417
2.378,-0.112761455122532,-0.390446580401013
2.380,-0.124813312173833,-0.311888091677602
2.382,-0.133558189642018,-0.209545146031068
2.384,-0.118335386211737,-0.0831934568315683
2.386,-0.0970494582964568,0.0424127323221534
2.388,-0.0959241248817408,0.181391363261818
2.390,-0.0718743552964873,0.305973247474593
2.392,-0.0529826563310648,0.503463850825526
2.394,-0.0121568865016633,0.781984377574999
2.396,0.00352118289742729,0.965605639820551
2.398,0.00692770165105136,1.18765697195349
2.400,0.0219084383678701,1.43626209295938
2.402,0.0362219183935057,1.80861842707602
2.404,0.0492728782006287,2.03906912442396
2.406,0.067048280281991,2.14102555619984
2.408,0.0762539078951384,2.35280926847133
2.410,0.0463942167424543,2.41188059938353
2.412,0.0480639912106693,2.49684427014985
2.414,0.0747398297067171,2.49917427900021
2.416,0.103262657551805,2.42730740073855
2.418,0.084132731101413,2.36814860072634
2.420,0.0765469527268288,2.22646912137211
2.422,0.0455537705618458,2.09931534165471
2.424,0.0480195440534684,1.97396152836695
2.426,0.0551493270668661,1.66689500412
2.428,0.0585959868160039,1.49576309396649
2.430,0.0516067995239113,1.44150425122837
2.432,0.0191961424604022,1.27283547471541
2.434,0.00504799951170385,1.10158461867122
2.436,0.0328035462508011,1.03393103427229
2.438,0.0262474013489181,0.90962653889584
2.440,0.0221687398907437,0.745347422711875
2.442,0.0128450331125828,0.634394805749687
2.444,0.00106696371349223,0.638740629291665
2.446,-0.0380994018372143,0.587659120456557
2.448,-0.0652399914548174,0.59183021027253
2.450,-0.0760709463789789,0.484601821955016
2.452,-0.0514968840601825,0.445787444685202
2.454,-0.0288186590166936,0.391625415814692
2.456,-0.0226228095339824,0.328228681295206
2.458,-0.0175976256599628,0.322336988433485
2.460,-0.0246582201605274,0.309039344462416
2.462,-0.0690075411236915,0.265816217535936
2.464,-0.0926899166844691,0.206242316965239
2.466,-0.10671938840907,0.208418472853786
2.468,-0.109007983642079,0.148812408825953
2.470,-0.0777306436353649,0.11757330240791
2.472,-0.0906740562150944,0.108651533555101
2.474,-0.121158482619709,0.0829814661091952
2.476,-0.130440272225105,0.0222515579699087
2.478,-0.137058626056703,0.0312453260902738
2.480,-0.142637299722282,0.0139354045228431
2.482,-0.135540260017701,0.00986488845484786
2.484,-0.129086202581866,-0.0236176244392224
2.486,-0.139692422254097,-0.0418408764915922
2.488,-0.149846186712241,-0.0386121402630695
2.490,-0.160405285805841,-0.0520482863856929
2.492,-0.149315231788079,-0.0643330179754021
2.494,-0.157932407605213,-0.0859422162541582
2.496,-0.155929316080203,-0.0601
2.498,-0.170995208594012,-0.0991567186498612
2.500,-0.160771507919553,-0.0809045686208686
2.502,-0.156482357249672,-0.107028412732322
2.504,-0.149898355052339,-0.115604113895077
2.506,-0.157073738822596,-0.122546205023347
2.508,-0.146769157994324,-0.120151988280892
2.510,-0.163600112918485,-0.136342646565142
2.512,-0.153245469527268,-0.160278643147069
2.514,-0.144268272957549,-0.153986046937468
2.516,-0.158046641438032,-0.16516737571337
2.518,-0.136406189153722,-0.164718192083499
2.520,-0.143592709128086,-0.17017120883816
2.522,-0.133721463667714,-0.169503964354381
2.524,-0.115740116580706,-0.182066335032197
2.526,-0.117385317545091,-0.212759953611866
2.528,-0.104403390606403,-0.206743369853816
2.530,-0.101878499710074,-0.197326337473678
2.532,-0.106429615161595,-0.212757878353221
2.534,-0.120548722800378,-0.185631653798029
2.536,-0.15820634479812,-0.193584545426801
2.538,-0.151108575701163,-0.228270760216071
2.540,-0.151688259529405,-0.208401608325449
2.542,-0.14722128971221,-0.195678923917356
2.544,-0.143235224463637,-0.203717300943022
2.546,-0.148765300454726,-0.23295700552385
2.548,-0.127839817499313,-0.243030774864956
2.550,-0.140691537217322,-0.224089138462478
2.552,-0.153542497024445,-0.234412671285134
2.554,-0.172325302896207,-0.220390478225044
2.556,-0.170122934659871,-0.234687337870418
2.558,-0.152020572527238,-0.237143226416822
2.560,-0.1535921109653,-0.256880556657613
2.562,-0.152348411511582,-0.241407510605182
2.564,-0.146364409314249,-0.273486452833644
2.566,-0.163073738822596,-0.251620679342021
2.568,-0.164715381328776,-0.249702444532609
2.570,-0.162053285317545,-0.253212073122349
2.572,-0.157872249519333,-0.238150929288614
2.574,-0.137668996246223,-0.265763817255165
2.576,-0.126316110721152,-0.27952766502884
2.578,-0.137089605395672,-0.273781548509171
2.580,-0.126244117557299,-0.300284994048891
2.582,-0.130098934904019,-0.260563499862667
2.584,-0.153300280770287,-0.284430774864956
2.586,-0.151179366435743,-0.283082464064455
2.588,-0.154069295327616,-0.298083779412214
2.590,-0.159825434125797,-0.317811816766869
2.592,-0.140878331858272,-0.312667662587359
2.594,-0.129534345530564,-0.329142890713218
2.596,-0.125991088595233,-0.321330301828059
2.598,-0.116471376689962,-0.328658482619709
2.600,-0.139531522568438,-0.347186739707633
2.602,-0.156037891781365,-0.33497104709006
2.604,-0.152890502639851,-0.312295052949614
2.606,-0.116216565446944,-0.332288259529405
2.608,-0.0740684224982452,-0.353126462599567
2.610,-0.0745816156498917,-0.376506851405377
2.612,-0.0871811670278023,-0.342581722464675
2.614,-0.11499153111362,-0.343058565019685
2.616,-0.118177159947508,-0.350152961821345
2.618,-0.111976717429121,-0.359053758354442
2.620,-0.135849159215064,-0.327249977111118
2.622,-0.128642652668844,-0.33992531510361
2.624,-0.129087542344432,-0.343150120548112
2.626,-0.128741599780267,-0.339640491958373
2.628,-0.141819513534959,-0.315713980529191
2.630,-0.190045881527146,-0.323352513199255
2.632,-0.208002917569506,-0.28158202764977
2.634,-0.200419501327555,-0.314946467482528
2.636,-0.212836085085604,-0.323352531510361
2.638,-0.228153721732231,-0.312295907467879
2.640,-0.2150028992584,-0.323954301583911
2.642,-0.214517743461409,-0.312233884701071
2.644,-0.197285879085665,-0.334421845149083
2.646,-0.191808832056642,-0.343713724173711
2.648,-0.200923813592944,-0.338145084994049
2.650,-0.191282488479263,-0.353842005676443
2.652,-0.192779970702231,-0.346099758903775
2.654,-0.166148112430189,-0.349513394573809
2.656,-0.217722186956389,-0.338758146916105
2.658,-0.20960025635548,-0.335258882412183
2.660,-0.200921008941923,-0.32757491073336
2.662,-0.207551066621906,-0.315366136661885
2.664,-0.209801596118046,-0.310803958250679
2.666,-0.211536838892788,-0.351908932767724
2.668,-0.197487984862819,-0.354156358531449
2.670,-0.181171221045564,-0.354027497177038
2.672,-0.178682918790246,-0.350627155369732
2.674,-0.183615070039979,-0.358465108188116
2.676,-0.202673421430097,-0.361457304605243
2.678,-0.204230774864956,-0.360118411816767
2.680,-0.192463069551683,-0.352563212988678
2.682,-0.177366484572893,-0.349458720664083
2.684,-0.17193152867214,-0.377919071016572
2.686,-0.164044404431288,-0.369542783898434
2.688,-0.174479366435743,-0.384075048066652
2.690,-0.196808545182653,-0.361613818781091
2.692,-0.194921720023194,-0.400161861018708
2.694,-0.189886165959655,-0.392808651997436
2.696,-0.196132868434706,-0.373736689352092
2.698,-0.191723963133641,-0.368933835871456
